,area,execution_time,num_of_nodes,num_of_params,time_coverage,timestamp_end,timestamp_start
area,1.0,0.118411918369,-0.141385527587,-0.000287518669956,0.0953043626316,-0.0274985264426,-0.178567835108
execution_time,0.118411918369,1.0,-0.00431419275694,-0.00229350154288,0.867159657152,0.617230918266,-0.0746472622873
num_of_nodes,-0.141385527587,-0.00431419275694,1.0,-0.00213105073804,0.0238931147626,-0.0036848990239,-0.0390333870179
num_of_params,-0.000287518669956,-0.00229350154288,-0.00213105073804,1.0,-0.00166600335182,-0.00240969974079,-0.00204362223424
time_coverage,0.0953043626316,0.867159657152,0.0238931147626,-0.00166600335182,1.0,0.831879011552,0.12852322627
timestamp_end,-0.0274985264426,0.617230918266,-0.0036848990239,-0.00240969974079,0.831879011552,1.0,0.657270272233
timestamp_start,-0.178567835108,-0.0746472622873,-0.0390333870179,-0.00204362223424,0.12852322627,0.657270272233,1.0
